Orbits integrated with JPL ephemerides, version jup365.bsp starting at 2.443e6 .
The synthetic times include Normally sampled noise with zero mean and 30 second standard deviation.
#body	ntrans	tt	sigtt
1.0	0.0	1.3750898079015315	0.00034722222222222224
1.0	1.0	3.143537862226367	0.00034722222222222224
1.0	2.0	4.911965426523238	0.00034722222222222224
1.0	3.0	6.681862296536565	0.00034722222222222224
1.0	4.0	8.450475805439055	0.00034722222222222224
1.0	5.0	10.220394356176257	0.00034722222222222224
1.0	6.0	11.989067184738815	0.00034722222222222224
1.0	7.0	13.758645030669868	0.00034722222222222224
1.0	8.0	15.527175444178283	0.00034722222222222224
1.0	9.0	17.29695330420509	0.00034722222222222224
1.0	10.0	19.06592335458845	0.00034722222222222224
1.0	11.0	20.83469106722623	0.00034722222222222224
1.0	12.0	22.60385885834694	0.00034722222222222224
1.0	13.0	24.372708154376596	0.00034722222222222224
1.0	14.0	26.141958651598543	0.00034722222222222224
1.0	15.0	27.9115162268281	0.00034722222222222224
1.0	16.0	29.680317303631455	0.00034722222222222224
1.0	17.0	31.449671912472695	0.00034722222222222224
1.0	18.0	33.21816155221313	0.00034722222222222224
1.0	19.0	34.98738331627101	0.00034722222222222224
1.0	20.0	36.75643328437582	0.00034722222222222224
1.0	21.0	38.52626101812348	0.00034722222222222224
1.0	22.0	40.29542173584923	0.00034722222222222224
1.0	23.0	42.06428689183667	0.00034722222222222224
1.0	24.0	43.832733450923115	0.00034722222222222224
1.0	25.0	45.602951041422784	0.00034722222222222224
1.0	26.0	47.372136207297444	0.00034722222222222224
1.0	27.0	49.140614406671375	0.00034722222222222224
1.0	28.0	50.90997518738732	0.00034722222222222224
1.0	29.0	52.67925108643249	0.00034722222222222224
1.0	30.0	54.44768518768251	0.00034722222222222224
1.0	31.0	56.21676646452397	0.00034722222222222224
1.0	32.0	57.986031994689256	0.00034722222222222224
1.0	33.0	59.75529354810715	0.00034722222222222224
1.0	34.0	61.524705881718546	0.00034722222222222224
1.0	35.0	63.29419370088726	0.00034722222222222224
1.0	36.0	65.06235786387697	0.00034722222222222224
1.0	37.0	66.83165751118213	0.00034722222222222224
1.0	38.0	68.60062773572281	0.00034722222222222224
1.0	39.0	70.37023690575734	0.00034722222222222224
1.0	40.0	72.1390345026739	0.00034722222222222224
1.0	41.0	73.9084104243666	0.00034722222222222224
1.0	42.0	75.6774174249731	0.00034722222222222224
1.0	43.0	77.44744865316898	0.00034722222222222224
1.0	44.0	79.21552116097882	0.00034722222222222224
1.0	45.0	80.9853556859307	0.00034722222222222224
1.0	46.0	82.75426139775664	0.00034722222222222224
1.0	47.0	84.52330308174714	0.00034722222222222224
1.0	48.0	86.29182029003277	0.00034722222222222224
1.0	49.0	88.06163441203535	0.00034722222222222224
1.0	50.0	89.83044775947928	0.00034722222222222224
1.0	51.0	91.59977413946763	0.00034722222222222224
1.0	52.0	93.36881599621847	0.00034722222222222224
1.0	53.0	95.13810644159093	0.00034722222222222224
1.0	54.0	96.90775517839938	0.00034722222222222224
1.0	55.0	98.6767442598939	0.00034722222222222224
1.0	56.0	100.44569276832044	0.00034722222222222224
1.0	57.0	102.21482505835593	0.00034722222222222224
1.0	58.0	103.98378289118409	0.00034722222222222224
1.0	59.0	105.7534792474471	0.00034722222222222224
1.0	60.0	107.52265533991158	0.00034722222222222224
1.0	61.0	109.29211623268202	0.00034722222222222224
1.0	62.0	111.06109277857468	0.00034722222222222224
1.0	63.0	112.82959909643978	0.00034722222222222224
1.0	64.0	114.59932494629174	0.00034722222222222224
1.0	65.0	116.36789061455056	0.00034722222222222224
1.0	66.0	118.13800847670063	0.00034722222222222224
1.0	67.0	119.90657253656536	0.00034722222222222224
1.0	68.0	121.67532214522362	0.00034722222222222224
1.0	69.0	123.44510111631826	0.00034722222222222224
1.0	70.0	125.21461350424215	0.00034722222222222224
1.0	71.0	126.98300046892837	0.00034722222222222224
1.0	72.0	128.75222856691107	0.00034722222222222224
1.0	73.0	130.52106432570145	0.00034722222222222224
1.0	74.0	132.29066343652084	0.00034722222222222224
1.0	75.0	134.05955898435786	0.00034722222222222224
1.0	76.0	135.82888036035	0.00034722222222222224
1.0	77.0	137.59847114188597	0.00034722222222222224
1.0	78.0	139.367778908927	0.00034722222222222224
1.0	79.0	141.1363483229652	0.00034722222222222224
1.0	80.0	142.90600279858336	0.00034722222222222224
1.0	81.0	144.67613722290844	0.00034722222222222224
1.0	82.0	146.4445562469773	0.00034722222222222224
1.0	83.0	148.21357599040493	0.00034722222222222224
1.0	84.0	149.98283044155687	0.00034722222222222224
1.0	85.0	151.7512828358449	0.00034722222222222224
1.0	86.0	153.52067723032087	0.00034722222222222224
1.0	87.0	155.29018953628838	0.00034722222222222224
1.0	88.0	157.05937837203965	0.00034722222222222224
1.0	89.0	158.8280533151701	0.00034722222222222224
1.0	90.0	160.59722435986623	0.00034722222222222224
1.0	91.0	162.36651111673564	0.00034722222222222224
1.0	92.0	164.13608166016638	0.00034722222222222224
1.0	93.0	165.90543788764626	0.00034722222222222224
1.0	94.0	167.6742527037859	0.00034722222222222224
1.0	95.0	169.44308952754363	0.00034722222222222224
1.0	96.0	171.21329123852775	0.00034722222222222224
1.0	97.0	172.98195423046127	0.00034722222222222224
1.0	98.0	174.75174820423126	0.00034722222222222224
1.0	99.0	176.51998540665954	0.00034722222222222224
1.0	100.0	178.28991389740258	0.00034722222222222224
1.0	101.0	180.0589184500277	0.00034722222222222224
1.0	102.0	181.827324509155	0.00034722222222222224
1.0	103.0	183.59740312583745	0.00034722222222222224
1.0	104.0	185.36643615504727	0.00034722222222222224
1.0	105.0	187.13536746427417	0.00034722222222222224
1.0	106.0	188.90490979980677	0.00034722222222222224
1.0	107.0	190.67405503056943	0.00034722222222222224
1.0	108.0	192.44312491174787	0.00034722222222222224
1.0	109.0	194.21242798678577	0.00034722222222222224
1.0	110.0	195.98170305602252	0.00034722222222222224
1.0	111.0	197.74995155399665	0.00034722222222222224
1.0	112.0	199.5203994992189	0.00034722222222222224
1.0	113.0	201.28883091779426	0.00034722222222222224
1.0	114.0	203.05833226349205	0.00034722222222222224
1.0	115.0	204.82769124722108	0.00034722222222222224
1.0	116.0	206.59618917154148	0.00034722222222222224
1.0	117.0	208.36505844350904	0.00034722222222222224
1.0	118.0	210.13468152936548	0.00034722222222222224
1.0	119.0	211.90455725090578	0.00034722222222222224
1.0	120.0	213.67309754248708	0.00034722222222222224
1.0	121.0	215.44267784198746	0.00034722222222222224
1.0	122.0	217.21171943703666	0.00034722222222222224
1.0	123.0	218.98083971673623	0.00034722222222222224
1.0	124.0	220.75002119550481	0.00034722222222222224
1.0	125.0	222.51917327893898	0.00034722222222222224
1.0	126.0	224.2888262863271	0.00034722222222222224
1.0	127.0	226.0572807644494	0.00034722222222222224
1.0	128.0	227.8267829963006	0.00034722222222222224
1.0	129.0	229.59585262276232	0.00034722222222222224
1.0	130.0	231.36542746657506	0.00034722222222222224
1.0	131.0	233.13418640987948	0.00034722222222222224
1.0	132.0	234.903708813712	0.00034722222222222224
1.0	133.0	236.67272179573774	0.00034722222222222224
1.0	134.0	238.44185122055933	0.00034722222222222224
1.0	135.0	240.2105145943351	0.00034722222222222224
1.0	136.0	241.98053539777175	0.00034722222222222224
1.0	137.0	243.749439697247	0.00034722222222222224
1.0	138.0	245.5188711285591	0.00034722222222222224
1.0	139.0	247.2878323798068	0.00034722222222222224
1.0	140.0	249.05729805957526	0.00034722222222222224
1.0	141.0	250.8263656310737	0.00034722222222222224
1.0	142.0	252.59523309394717	0.00034722222222222224
1.0	143.0	254.3647606279701	0.00034722222222222224
1.0	144.0	256.1334971864708	0.00034722222222222224
1.0	145.0	257.90339035727084	0.00034722222222222224
1.0	146.0	259.67251317668706	0.00034722222222222224
1.0	147.0	261.4409316140227	0.00034722222222222224
1.0	148.0	263.2100427309051	0.00034722222222222224
1.0	149.0	264.9797474439256	0.00034722222222222224
1.0	150.0	266.7488526334055	0.00034722222222222224
1.0	151.0	268.51779784820974	0.00034722222222222224
1.0	152.0	270.28748635109514	0.00034722222222222224
1.0	153.0	272.05660834535956	0.00034722222222222224
1.0	154.0	273.8253287454136	0.00034722222222222224
1.0	155.0	275.5949716921896	0.00034722222222222224
1.0	156.0	277.3643101803027	0.00034722222222222224
1.0	157.0	279.1327983243391	0.00034722222222222224
1.0	158.0	280.90230941027403	0.00034722222222222224
1.0	159.0	282.67166008707136	0.00034722222222222224
1.0	160.0	284.4406320648268	0.00034722222222222224
1.0	161.0	286.2092137471773	0.00034722222222222224
1.0	162.0	287.97892627539113	0.00034722222222222224
1.0	163.0	289.7474212269299	0.00034722222222222224
1.0	164.0	291.5169818601571	0.00034722222222222224
1.0	165.0	293.2860420770012	0.00034722222222222224
1.0	166.0	295.0555877960287	0.00034722222222222224
1.0	167.0	296.8247720566578	0.00034722222222222224
1.0	168.0	298.59310631034896	0.00034722222222222224
1.0	169.0	300.3630950204097	0.00034722222222222224
1.0	170.0	302.13192988885567	0.00034722222222222224
1.0	171.0	303.9008805649355	0.00034722222222222224
1.0	172.0	305.6704726316966	0.00034722222222222224
1.0	173.0	307.4386854362674	0.00034722222222222224
1.0	174.0	309.20894410973415	0.00034722222222222224
1.0	175.0	310.9771783449687	0.00034722222222222224
1.0	176.0	312.7460841848515	0.00034722222222222224
1.0	177.0	314.51593535067514	0.00034722222222222224
1.0	178.0	316.28464124910533	0.00034722222222222224
1.0	179.0	318.05449634511024	0.00034722222222222224
1.0	180.0	319.8231349159032	0.00034722222222222224
1.0	181.0	321.5924685476348	0.00034722222222222224
1.0	182.0	323.3624478178099	0.00034722222222222224
1.0	183.0	325.13108012638986	0.00034722222222222224
1.0	184.0	326.89943883148953	0.00034722222222222224
1.0	185.0	328.6690074801445	0.00034722222222222224
1.0	186.0	330.43834757991135	0.00034722222222222224
1.0	187.0	332.20728546753526	0.00034722222222222224
1.0	188.0	333.9764732788317	0.00034722222222222224
1.0	189.0	335.74532218649983	0.00034722222222222224
1.0	190.0	337.5148150054738	0.00034722222222222224
1.0	191.0	339.2835887703113	0.00034722222222222224
1.0	192.0	341.05320422537625	0.00034722222222222224
1.0	193.0	342.8215351421386	0.00034722222222222224
1.0	194.0	344.59102407004684	0.00034722222222222224
1.0	195.0	346.360705640167	0.00034722222222222224
1.0	196.0	348.12958944262937	0.00034722222222222224
1.0	197.0	349.89794293092564	0.00034722222222222224
1.0	198.0	351.6683436217718	0.00034722222222222224
1.0	199.0	353.4365198761225	0.00034722222222222224
1.0	200.0	355.20563218789175	0.00034722222222222224
1.0	201.0	356.9747105157003	0.00034722222222222224
1.0	202.0	358.7439007409848	0.00034722222222222224
1.0	203.0	360.5132361757569	0.00034722222222222224
1.0	204.0	362.282646513544	0.00034722222222222224
1.0	205.0	364.05159584386274	0.00034722222222222224
1.0	206.0	365.8199085420929	0.00034722222222222224
1.0	207.0	367.58872894523665	0.00034722222222222224
1.0	208.0	369.35871094232425	0.00034722222222222224
1.0	209.0	371.1275208313018	0.00034722222222222224
1.0	210.0	372.8967183236964	0.00034722222222222224
1.0	211.0	374.6656001168303	0.00034722222222222224
1.0	212.0	376.4350758907385	0.00034722222222222224
1.0	213.0	378.2036890061572	0.00034722222222222224
1.0	214.0	379.97320474358276	0.00034722222222222224
1.0	215.0	381.7421982861124	0.00034722222222222224
1.0	216.0	383.5113282375969	0.00034722222222222224
1.0	217.0	385.28049024473876	0.00034722222222222224
1.0	218.0	387.04964715475217	0.00034722222222222224
1.0	219.0	388.81879280973226	0.00034722222222222224
1.0	220.0	390.5875375480391	0.00034722222222222224
1.0	221.0	392.3565873801708	0.00034722222222222224
1.0	222.0	394.1252893754281	0.00034722222222222224
1.0	223.0	395.89538054540753	0.00034722222222222224
1.0	224.0	397.6630358849652	0.00034722222222222224
1.0	225.0	399.4328888999298	0.00034722222222222224
1.0	226.0	401.20244536269456	0.00034722222222222224
1.0	227.0	402.97166022937745	0.00034722222222222224
1.0	228.0	404.7401859452948	0.00034722222222222224
1.0	229.0	406.50954390782863	0.00034722222222222224
1.0	230.0	408.2782493112609	0.00034722222222222224
1.0	231.0	410.04755382286385	0.00034722222222222224
1.0	232.0	411.8162598479539	0.00034722222222222224
1.0	233.0	413.5860431138426	0.00034722222222222224
1.0	234.0	415.3547142143361	0.00034722222222222224
1.0	235.0	417.1239753207192	0.00034722222222222224
1.0	236.0	418.8931962447241	0.00034722222222222224
1.0	237.0	420.662700783927	0.00034722222222222224
1.0	238.0	422.43085197219625	0.00034722222222222224
1.0	239.0	424.2000977243297	0.00034722222222222224
1.0	240.0	425.96865799697116	0.00034722222222222224
1.0	241.0	427.73820629063994	0.00034722222222222224
1.0	242.0	429.5075720064342	0.00034722222222222224
1.0	243.0	431.27656133985147	0.00034722222222222224
1.0	244.0	433.0457044560462	0.00034722222222222224
1.0	245.0	434.81518406188115	0.00034722222222222224
1.0	246.0	436.5837817019783	0.00034722222222222224
1.0	247.0	438.3524961085059	0.00034722222222222224
1.0	248.0	440.1225935490802	0.00034722222222222224
1.0	249.0	441.8906341395341	0.00034722222222222224
1.0	250.0	443.66031107632443	0.00034722222222222224
1.0	251.0	445.42988424096256	0.00034722222222222224
1.0	252.0	447.1981819770299	0.00034722222222222224
1.0	253.0	448.9675341346301	0.00034722222222222224
1.0	254.0	450.7358648921363	0.00034722222222222224
1.0	255.0	452.5057663549669	0.00034722222222222224
1.0	256.0	454.27470329450443	0.00034722222222222224
1.0	257.0	456.0437216106802	0.00034722222222222224
1.0	258.0	457.81339786807075	0.00034722222222222224
1.0	259.0	459.5822608554736	0.00034722222222222224
1.0	260.0	461.3514681109227	0.00034722222222222224
1.0	261.0	463.12074638949707	0.00034722222222222224
1.0	262.0	464.88941130880266	0.00034722222222222224
1.0	263.0	466.65914318477735	0.00034722222222222224
1.0	264.0	468.4273551576771	0.00034722222222222224
1.0	265.0	470.19709548261017	0.00034722222222222224
1.0	266.0	471.96577303111553	0.00034722222222222224
1.0	267.0	473.73464960604906	0.00034722222222222224
1.0	268.0	475.5038726213388	0.00034722222222222224
1.0	269.0	477.2726811338216	0.00034722222222222224
1.0	270.0	479.04235053947195	0.00034722222222222224
1.0	271.0	480.8116709603928	0.00034722222222222224
1.0	272.0	482.58036008663476	0.00034722222222222224
1.0	273.0	484.34987337049097	0.00034722222222222224
1.0	274.0	486.11829248210415	0.00034722222222222224
1.0	275.0	487.8872899473645	0.00034722222222222224
1.0	276.0	489.6566278892569	0.00034722222222222224
1.0	277.0	491.4259445895441	0.00034722222222222224
1.0	278.0	493.1949032689445	0.00034722222222222224
1.0	279.0	494.9636827451177	0.00034722222222222224
1.0	280.0	496.73339125327766	0.00034722222222222224
1.0	281.0	498.50200619827956	0.00034722222222222224
1.0	282.0	500.2715755729005	0.00034722222222222224
1.0	283.0	502.04021022701636	0.00034722222222222224
1.0	284.0	503.8100617248565	0.00034722222222222224
1.0	285.0	505.578039214015	0.00034722222222222224
1.0	286.0	507.34845291031525	0.00034722222222222224
1.0	287.0	509.1172962402925	0.00034722222222222224
1.0	288.0	510.88579145492986	0.00034722222222222224
1.0	289.0	512.6546660535969	0.00034722222222222224
1.0	290.0	514.423742744606	0.00034722222222222224
1.0	291.0	516.1932250191458	0.00034722222222222224
1.0	292.0	517.9627342191525	0.00034722222222222224
1.0	293.0	519.7308422038332	0.00034722222222222224
1.0	294.0	521.5005564345047	0.00034722222222222224
1.0	295.0	523.2694624545984	0.00034722222222222224
1.0	296.0	525.0390428141691	0.00034722222222222224
1.0	297.0	526.8084590611979	0.00034722222222222224
1.0	298.0	528.5766981313936	0.00034722222222222224
1.0	299.0	530.3461867468432	0.00034722222222222224
1.0	300.0	532.114875649102	0.00034722222222222224
1.0	301.0	533.884210888762	0.00034722222222222224
1.0	302.0	535.6534332428128	0.00034722222222222224
1.0	303.0	537.4231694573537	0.00034722222222222224
1.0	304.0	539.1916446341202	0.00034722222222222224
1.0	305.0	540.9611011762172	0.00034722222222222224
1.0	306.0	542.7299682423472	0.00034722222222222224
1.0	307.0	544.4997128313407	0.00034722222222222224
1.0	308.0	546.2685030139983	0.00034722222222222224
1.0	309.0	548.0372415832244	0.00034722222222222224
1.0	310.0	549.8066457509995	0.00034722222222222224
1.0	311.0	551.5762450583279	0.00034722222222222224
1.0	312.0	553.3447428327054	0.00034722222222222224
1.0	313.0	555.1132410708815	0.00034722222222222224
1.0	314.0	556.8825776753947	0.00034722222222222224
1.0	315.0	558.6521212626249	0.00034722222222222224
1.0	316.0	560.4217932336032	0.00034722222222222224
1.0	317.0	562.1905898787081	0.00034722222222222224
1.0	318.0	563.9597986834124	0.00034722222222222224
1.0	319.0	565.7290884121321	0.00034722222222222224
1.0	320.0	567.498465673998	0.00034722222222222224
1.0	321.0	569.2677461132407	0.00034722222222222224
1.0	322.0	571.0366899240762	0.00034722222222222224
1.0	323.0	572.805103178136	0.00034722222222222224
1.0	324.0	574.574686629232	0.00034722222222222224
1.0	325.0	576.344251728151	0.00034722222222222224
1.0	326.0	578.1131709124893	0.00034722222222222224
1.0	327.0	579.8815195662901	0.00034722222222222224
1.0	328.0	581.6512613948435	0.00034722222222222224
1.0	329.0	583.4206736641936	0.00034722222222222224
1.0	330.0	585.190192038659	0.00034722222222222224
1.0	331.0	586.9586248318665	0.00034722222222222224
1.0	332.0	588.7279374138452	0.00034722222222222224
1.0	333.0	590.496684642043	0.00034722222222222224
1.0	334.0	592.2666753814556	0.00034722222222222224
1.0	335.0	594.0346513134427	0.00034722222222222224
1.0	336.0	595.8039294281043	0.00034722222222222224
1.0	337.0	597.5735361361876	0.00034722222222222224
1.0	338.0	599.3429160621017	0.00034722222222222224
1.0	339.0	601.112151639536	0.00034722222222222224
1.0	340.0	602.8811089219525	0.00034722222222222224
1.0	341.0	604.6505909254774	0.00034722222222222224
1.0	342.0	606.4192602364346	0.00034722222222222224
1.0	343.0	608.1883663996123	0.00034722222222222224
1.0	344.0	609.957527118735	0.00034722222222222224
1.0	345.0	611.727334507741	0.00034722222222222224
1.0	346.0	613.4960197173059	0.00034722222222222224
1.0	347.0	615.2652503368445	0.00034722222222222224
1.0	348.0	617.0342533844523	0.00034722222222222224
1.0	349.0	618.8039368507452	0.00034722222222222224
1.0	350.0	620.5726751098409	0.00034722222222222224
1.0	351.0	622.3423629761674	0.00034722222222222224
1.0	352.0	624.1113178050146	0.00034722222222222224
1.0	353.0	625.8800341337919	0.00034722222222222224
1.0	354.0	627.650148039218	0.00034722222222222224
1.0	355.0	629.4185629906133	0.00034722222222222224
1.0	356.0	631.1874477257952	0.00034722222222222224
1.0	357.0	632.9572077477351	0.00034722222222222224
1.0	358.0	634.7269386136904	0.00034722222222222224
1.0	359.0	636.4951748964377	0.00034722222222222224
1.0	360.0	638.2646973025985	0.00034722222222222224
1.0	361.0	640.0334690562449	0.00034722222222222224
1.0	362.0	641.8027612725273	0.00034722222222222224
1.0	363.0	643.5716814957559	0.00034722222222222224
1.0	364.0	645.3419193946756	0.00034722222222222224
1.0	365.0	647.1105324532837	0.00034722222222222224
1.0	366.0	648.8797459639609	0.00034722222222222224
1.0	367.0	650.6485662651248	0.00034722222222222224
1.0	368.0	652.417734188959	0.00034722222222222224
1.0	369.0	654.187430718448	0.00034722222222222224
1.0	370.0	655.9566360404715	0.00034722222222222224
1.0	371.0	657.7259617294185	0.00034722222222222224
1.0	372.0	659.4947578879073	0.00034722222222222224
1.0	373.0	661.2637882847339	0.00034722222222222224
1.0	374.0	663.033039753791	0.00034722222222222224
1.0	375.0	664.8024877761491	0.00034722222222222224
1.0	376.0	666.5722789177671	0.00034722222222222224
1.0	377.0	668.3404437997378	0.00034722222222222224
1.0	378.0	670.1102398377843	0.00034722222222222224
1.0	379.0	671.8786850008182	0.00034722222222222224
1.0	380.0	673.6482574646361	0.00034722222222222224
1.0	381.0	675.417666642461	0.00034722222222222224
1.0	382.0	677.186867446173	0.00034722222222222224
1.0	383.0	678.9556412477978	0.00034722222222222224
1.0	384.0	680.7248234176077	0.00034722222222222224
1.0	385.0	682.4943772065453	0.00034722222222222224
1.0	386.0	684.2636270583607	0.00034722222222222224
1.0	387.0	686.0326089765877	0.00034722222222222224
1.0	388.0	687.8022096785717	0.00034722222222222224
1.0	389.0	689.5710314218886	0.00034722222222222224
1.0	390.0	691.3405259619467	0.00034722222222222224
1.0	391.0	693.1101043927483	0.00034722222222222224
1.0	392.0	694.878792675212	0.00034722222222222224
1.0	393.0	696.6473165825009	0.00034722222222222224
1.0	394.0	698.4168273732066	0.00034722222222222224
1.0	395.0	700.1864019380882	0.00034722222222222224
1.0	396.0	701.9557509827428	0.00034722222222222224
1.0	397.0	703.7246874975972	0.00034722222222222224
1.0	398.0	705.4936554818414	0.00034722222222222224
1.0	399.0	707.2633514055051	0.00034722222222222224
1.0	400.0	709.0320585030131	0.00034722222222222224
1.0	401.0	710.8014098005369	0.00034722222222222224
1.0	402.0	712.5710845035501	0.00034722222222222224
1.0	403.0	714.3394457814284	0.00034722222222222224
1.0	404.0	716.1094235717319	0.00034722222222222224
1.0	405.0	717.8781802039593	0.00034722222222222224
1.0	406.0	719.6473225401714	0.00034722222222222224
1.0	407.0	721.4164998126216	0.00034722222222222224
1.0	408.0	723.185750500299	0.00034722222222222224
1.0	409.0	724.9549638782628	0.00034722222222222224
1.0	410.0	726.7239237325266	0.00034722222222222224
1.0	411.0	728.4933392247185	0.00034722222222222224
1.0	412.0	730.2627151412889	0.00034722222222222224
2.0	0.0	1.5778676876798272	0.00034722222222222224
2.0	1.0	5.129077936988324	0.00034722222222222224
2.0	2.0	8.681525628548115	0.00034722222222222224
2.0	3.0	12.232536156196147	0.00034722222222222224
2.0	4.0	15.785265121143311	0.00034722222222222224
2.0	5.0	19.33581443503499	0.00034722222222222224
2.0	6.0	22.887733979150653	0.00034722222222222224
2.0	7.0	26.438712340779603	0.00034722222222222224
2.0	8.0	29.990050580352545	0.00034722222222222224
2.0	9.0	33.54126940201968	0.00034722222222222224
2.0	10.0	37.09379018237814	0.00034722222222222224
2.0	11.0	40.64382842136547	0.00034722222222222224
2.0	12.0	44.196772820781916	0.00034722222222222224
2.0	13.0	47.74606595467776	0.00034722222222222224
2.0	14.0	51.298238585237414	0.00034722222222222224
2.0	15.0	54.8490830748342	0.00034722222222222224
2.0	16.0	58.40088358102366	0.00034722222222222224
2.0	17.0	61.95200863387436	0.00034722222222222224
2.0	18.0	65.50343701103702	0.00034722222222222224
2.0	19.0	69.05441668815911	0.00034722222222222224
2.0	20.0	72.60575029999018	0.00034722222222222224
2.0	21.0	76.15654883719981	0.00034722222222222224
2.0	22.0	79.70715330028906	0.00034722222222222224
2.0	23.0	83.25920472620055	0.00034722222222222224
2.0	24.0	86.81025583203882	0.00034722222222222224
2.0	25.0	90.36071173427626	0.00034722222222222224
2.0	26.0	93.91161998780444	0.00034722222222222224
2.0	27.0	97.46289826650172	0.00034722222222222224
2.0	28.0	101.01389692025259	0.00034722222222222224
2.0	29.0	104.56495480053127	0.00034722222222222224
2.0	30.0	108.1162167894654	0.00034722222222222224
2.0	31.0	111.66757984505966	0.00034722222222222224
2.0	32.0	115.21778951399028	0.00034722222222222224
2.0	33.0	118.76812062598765	0.00034722222222222224
2.0	34.0	122.31938575720415	0.00034722222222222224
2.0	35.0	125.87050985265523	0.00034722222222222224
2.0	36.0	129.42130152182654	0.00034722222222222224
2.0	37.0	132.97248290106654	0.00034722222222222224
2.0	38.0	136.52313635172322	0.00034722222222222224
2.0	39.0	140.07424810901284	0.00034722222222222224
2.0	40.0	143.6244380096905	0.00034722222222222224
2.0	41.0	147.1755918082781	0.00034722222222222224
2.0	42.0	150.72592687839642	0.00034722222222222224
2.0	43.0	154.27638418134302	0.00034722222222222224
2.0	44.0	157.82774345437065	0.00034722222222222224
2.0	45.0	161.37812813278288	0.00034722222222222224
2.0	46.0	164.92904763156548	0.00034722222222222224
2.0	47.0	168.48041519988328	0.00034722222222222224
2.0	48.0	172.03047645604238	0.00034722222222222224
2.0	49.0	175.5815215902403	0.00034722222222222224
2.0	50.0	179.13242268329486	0.00034722222222222224
2.0	51.0	182.68264782009646	0.00034722222222222224
2.0	52.0	186.23307331185788	0.00034722222222222224
2.0	53.0	189.7842123550363	0.00034722222222222224
2.0	54.0	193.33437050133944	0.00034722222222222224
2.0	55.0	196.88541113352403	0.00034722222222222224
2.0	56.0	200.43610031157732	0.00034722222222222224
2.0	57.0	203.98761161603034	0.00034722222222222224
2.0	58.0	207.53748308541253	0.00034722222222222224
2.0	59.0	211.08812202094123	0.00034722222222222224
2.0	60.0	214.63935774052516	0.00034722222222222224
2.0	61.0	218.19015435688198	0.00034722222222222224
2.0	62.0	221.74041959783062	0.00034722222222222224
2.0	63.0	225.29098395537585	0.00034722222222222224
2.0	64.0	228.8427243391052	0.00034722222222222224
2.0	65.0	232.39291037013754	0.00034722222222222224
2.0	66.0	235.9436284834519	0.00034722222222222224
2.0	67.0	239.494300970342	0.00034722222222222224
2.0	68.0	243.04459622409195	0.00034722222222222224
2.0	69.0	246.59630932705477	0.00034722222222222224
2.0	70.0	250.1466627297923	0.00034722222222222224
2.0	71.0	253.6975482609123	0.00034722222222222224
2.0	72.0	257.24849048722535	0.00034722222222222224
2.0	73.0	260.79920896841213	0.00034722222222222224
2.0	74.0	264.350571107585	0.00034722222222222224
2.0	75.0	267.9016045355238	0.00034722222222222224
2.0	76.0	271.4528028713539	0.00034722222222222224
2.0	77.0	275.00317577505484	0.00034722222222222224
2.0	78.0	278.55415894137695	0.00034722222222222224
2.0	79.0	282.1050563524477	0.00034722222222222224
2.0	80.0	285.65559141431004	0.00034722222222222224
2.0	81.0	289.2072972143069	0.00034722222222222224
2.0	82.0	292.7579351537861	0.00034722222222222224
2.0	83.0	296.3100977074355	0.00034722222222222224
2.0	84.0	299.8605719143525	0.00034722222222222224
2.0	85.0	303.41164799267426	0.00034722222222222224
2.0	86.0	306.9629383026622	0.00034722222222222224
2.0	87.0	310.51402848772705	0.00034722222222222224
2.0	88.0	314.0660003423691	0.00034722222222222224
2.0	89.0	317.6162933628075	0.00034722222222222224
2.0	90.0	321.1672142180614	0.00034722222222222224
2.0	91.0	324.7188234687783	0.00034722222222222224
2.0	92.0	328.27058303076774	0.00034722222222222224
2.0	93.0	331.8213104652241	0.00034722222222222224
2.0	94.0	335.37260624952614	0.00034722222222222224
2.0	95.0	338.92369283596054	0.00034722222222222224
2.0	96.0	342.47501179156825	0.00034722222222222224
2.0	97.0	346.0262484205887	0.00034722222222222224
2.0	98.0	349.5778318485245	0.00034722222222222224
2.0	99.0	353.130120778922	0.00034722222222222224
2.0	100.0	356.68068643053994	0.00034722222222222224
2.0	101.0	360.2326917988248	0.00034722222222222224
2.0	102.0	363.7837279778905	0.00034722222222222224
2.0	103.0	367.3354907804169	0.00034722222222222224
2.0	104.0	370.8862062203698	0.00034722222222222224
2.0	105.0	374.4388627833687	0.00034722222222222224
2.0	106.0	377.98933949507773	0.00034722222222222224
2.0	107.0	381.5412737466395	0.00034722222222222224
2.0	108.0	385.0929068182595	0.00034722222222222224
2.0	109.0	388.6442226236686	0.00034722222222222224
2.0	110.0	392.1959207812324	0.00034722222222222224
2.0	111.0	395.7475252877921	0.00034722222222222224
2.0	112.0	399.29928580950946	0.00034722222222222224
2.0	113.0	402.8512906776741	0.00034722222222222224
2.0	114.0	406.40253748977557	0.00034722222222222224
2.0	115.0	409.95438043028116	0.00034722222222222224
2.0	116.0	413.50583778647706	0.00034722222222222224
2.0	117.0	417.0579377254471	0.00034722222222222224
2.0	118.0	420.60932365152985	0.00034722222222222224
2.0	119.0	424.16054440289736	0.00034722222222222224
2.0	120.0	427.71238105231896	0.00034722222222222224
2.0	121.0	431.26409664331004	0.00034722222222222224
2.0	122.0	434.8156238407828	0.00034722222222222224
2.0	123.0	438.3676881287247	0.00034722222222222224
2.0	124.0	441.91873956797644	0.00034722222222222224
2.0	125.0	445.4710561740212	0.00034722222222222224
2.0	126.0	449.02209337893873	0.00034722222222222224
2.0	127.0	452.5740194451064	0.00034722222222222224
2.0	128.0	456.12526832474396	0.00034722222222222224
2.0	129.0	459.67709548957646	0.00034722222222222224
2.0	130.0	463.228805213701	0.00034722222222222224
2.0	131.0	466.7807542900555	0.00034722222222222224
2.0	132.0	470.3323562783189	0.00034722222222222224
2.0	133.0	473.8837686982006	0.00034722222222222224
2.0	134.0	477.43565027136356	0.00034722222222222224
2.0	135.0	480.9867864889093	0.00034722222222222224
2.0	136.0	484.5383825856261	0.00034722222222222224
2.0	137.0	488.0909599624574	0.00034722222222222224
2.0	138.0	491.6417490984313	0.00034722222222222224
2.0	139.0	495.1935926466249	0.00034722222222222224
2.0	140.0	498.74436036730185	0.00034722222222222224
2.0	141.0	502.2959085055627	0.00034722222222222224
2.0	142.0	505.8474595975131	0.00034722222222222224
2.0	143.0	509.39870589459315	0.00034722222222222224
2.0	144.0	512.950443987269	0.00034722222222222224
2.0	145.0	516.5017916499637	0.00034722222222222224
2.0	146.0	520.0528692649677	0.00034722222222222224
2.0	147.0	523.6050240159966	0.00034722222222222224
2.0	148.0	527.1560056610033	0.00034722222222222224
2.0	149.0	530.7073719613254	0.00034722222222222224
2.0	150.0	534.2579788714647	0.00034722222222222224
2.0	151.0	537.8099295664579	0.00034722222222222224
2.0	152.0	541.3610204649158	0.00034722222222222224
2.0	153.0	544.9128142530099	0.00034722222222222224
2.0	154.0	548.4642282635905	0.00034722222222222224
2.0	155.0	552.0148730976507	0.00034722222222222224
2.0	156.0	555.5658841738477	0.00034722222222222224
2.0	157.0	559.1175003200769	0.00034722222222222224
2.0	158.0	562.6679381355643	0.00034722222222222224
2.0	159.0	566.2198367142119	0.00034722222222222224
2.0	160.0	569.7696868265048	0.00034722222222222224
2.0	161.0	573.3215947258286	0.00034722222222222224
2.0	162.0	576.8728906852193	0.00034722222222222224
2.0	163.0	580.4232484255917	0.00034722222222222224
2.0	164.0	583.9756037387997	0.00034722222222222224
2.0	165.0	587.5261261425912	0.00034722222222222224
2.0	166.0	591.0768487593159	0.00034722222222222224
2.0	167.0	594.6277636517771	0.00034722222222222224
2.0	168.0	598.1788221243769	0.00034722222222222224
2.0	169.0	601.7295568110421	0.00034722222222222224
2.0	170.0	605.2807385846972	0.00034722222222222224
2.0	171.0	608.8318265127018	0.00034722222222222224
2.0	172.0	612.3823456922546	0.00034722222222222224
2.0	173.0	615.932794271037	0.00034722222222222224
2.0	174.0	619.4835473839194	0.00034722222222222224
2.0	175.0	623.0347678987309	0.00034722222222222224
2.0	176.0	626.5858645359986	0.00034722222222222224
2.0	177.0	630.1360264909454	0.00034722222222222224
2.0	178.0	633.6874617272988	0.00034722222222222224
2.0	179.0	637.2374447411858	0.00034722222222222224
2.0	180.0	640.788348577451	0.00034722222222222224
2.0	181.0	644.3398701068945	0.00034722222222222224
2.0	182.0	647.8898236770183	0.00034722222222222224
2.0	183.0	651.4407024821267	0.00034722222222222224
2.0	184.0	654.9915832146071	0.00034722222222222224
2.0	185.0	658.5427120355889	0.00034722222222222224
2.0	186.0	662.0925940144807	0.00034722222222222224
2.0	187.0	665.6437704511918	0.00034722222222222224
2.0	188.0	669.194746479392	0.00034722222222222224
2.0	189.0	672.7456670938991	0.00034722222222222224
2.0	190.0	676.2961933570914	0.00034722222222222224
2.0	191.0	679.847472563386	0.00034722222222222224
2.0	192.0	683.3974537299946	0.00034722222222222224
2.0	193.0	686.9483612510376	0.00034722222222222224
2.0	194.0	690.4987385002896	0.00034722222222222224
2.0	195.0	694.0497592221946	0.00034722222222222224
2.0	196.0	697.6006730296649	0.00034722222222222224
2.0	197.0	701.1510639372282	0.00034722222222222224
2.0	198.0	704.7018430377357	0.00034722222222222224
2.0	199.0	708.2526004482061	0.00034722222222222224
2.0	200.0	711.8035516715609	0.00034722222222222224
2.0	201.0	715.3543612225913	0.00034722222222222224
2.0	202.0	718.9048137483187	0.00034722222222222224
2.0	203.0	722.4560156594962	0.00034722222222222224
2.0	204.0	726.0058392956853	0.00034722222222222224
2.0	205.0	729.5571849192493	0.00034722222222222224
3.0	0.0	3.7541645700111985	0.00034722222222222224
3.0	1.0	10.90831056656316	0.00034722222222222224
3.0	2.0	18.063173167407513	0.00034722222222222224
3.0	3.0	25.21731103817001	0.00034722222222222224
3.0	4.0	32.37085820827633	0.00034722222222222224
3.0	5.0	39.525952440686524	0.00034722222222222224
3.0	6.0	46.68040646193549	0.00034722222222222224
3.0	7.0	53.83512084139511	0.00034722222222222224
3.0	8.0	60.9900189852342	0.00034722222222222224
3.0	9.0	68.14420795673504	0.00034722222222222224
3.0	10.0	75.2986013283953	0.00034722222222222224
3.0	11.0	82.45271636778489	0.00034722222222222224
3.0	12.0	89.60801341384649	0.00034722222222222224
3.0	13.0	96.76222910033539	0.00034722222222222224
3.0	14.0	103.91785725997761	0.00034722222222222224
3.0	15.0	111.07204786967486	0.00034722222222222224
3.0	16.0	118.22638837946579	0.00034722222222222224
3.0	17.0	125.38036818988621	0.00034722222222222224
3.0	18.0	132.53529488062486	0.00034722222222222224
3.0	19.0	139.69032399961725	0.00034722222222222224
3.0	20.0	146.84460224350914	0.00034722222222222224
3.0	21.0	153.99973685201257	0.00034722222222222224
3.0	22.0	161.15411379700527	0.00034722222222222224
3.0	23.0	168.30864299694076	0.00034722222222222224
3.0	24.0	175.46329590817913	0.00034722222222222224
3.0	25.0	182.61803499097005	0.00034722222222222224
3.0	26.0	189.77263799868524	0.00034722222222222224
3.0	27.0	196.92753887362778	0.00034722222222222224
3.0	28.0	204.08253123657778	0.00034722222222222224
3.0	29.0	211.23726691585034	0.00034722222222222224
3.0	30.0	218.39139209501445	0.00034722222222222224
3.0	31.0	225.54595384793356	0.00034722222222222224
3.0	32.0	232.70008301082999	0.00034722222222222224
3.0	33.0	239.85551448073238	0.00034722222222222224
3.0	34.0	247.01029165508226	0.00034722222222222224
3.0	35.0	254.1651155296713	0.00034722222222222224
3.0	36.0	261.31993566732854	0.00034722222222222224
3.0	37.0	268.47398434672505	0.00034722222222222224
3.0	38.0	275.6285233781673	0.00034722222222222224
3.0	39.0	282.78234012937173	0.00034722222222222224
3.0	40.0	289.9378379676491	0.00034722222222222224
3.0	41.0	297.09247742779553	0.00034722222222222224
3.0	42.0	304.2476575844921	0.00034722222222222224
3.0	43.0	311.4014599453658	0.00034722222222222224
3.0	44.0	318.5560137331486	0.00034722222222222224
3.0	45.0	325.7105081737973	0.00034722222222222224
3.0	46.0	332.86502244276926	0.00034722222222222224
3.0	47.0	340.0190136176534	0.00034722222222222224
3.0	48.0	347.1736908447929	0.00034722222222222224
3.0	49.0	354.3290709578432	0.00034722222222222224
3.0	50.0	361.4835046813823	0.00034722222222222224
3.0	51.0	368.63778414949775	0.00034722222222222224
3.0	52.0	375.7920945119113	0.00034722222222222224
3.0	53.0	382.9460827372968	0.00034722222222222224
3.0	54.0	390.10108547331765	0.00034722222222222224
3.0	55.0	397.25581753998995	0.00034722222222222224
3.0	56.0	404.4110197518021	0.00034722222222222224
3.0	57.0	411.56458357721567	0.00034722222222222224
3.0	58.0	418.7183964368887	0.00034722222222222224
3.0	59.0	425.87331267260015	0.00034722222222222224
3.0	60.0	433.02744251303375	0.00034722222222222224
3.0	61.0	440.1826813579537	0.00034722222222222224
3.0	62.0	447.33666473673657	0.00034722222222222224
3.0	63.0	454.4915278153494	0.00034722222222222224
3.0	64.0	461.64568336773664	0.00034722222222222224
3.0	65.0	468.80032841768116	0.00034722222222222224
3.0	66.0	475.9543330417946	0.00034722222222222224
3.0	67.0	483.10840644082054	0.00034722222222222224
3.0	68.0	490.2636729828082	0.00034722222222222224
3.0	69.0	497.4175445754081	0.00034722222222222224
3.0	70.0	504.57355946535245	0.00034722222222222224
3.0	71.0	511.72709786053747	0.00034722222222222224
3.0	72.0	518.8815051340498	0.00034722222222222224
3.0	73.0	526.0347883561626	0.00034722222222222224
3.0	74.0	533.1899405946024	0.00034722222222222224
3.0	75.0	540.3445437415503	0.00034722222222222224
3.0	76.0	547.4995948243886	0.00034722222222222224
3.0	77.0	554.6541548753157	0.00034722222222222224
3.0	78.0	561.8084818930365	0.00034722222222222224
3.0	79.0	568.9632820524275	0.00034722222222222224
3.0	80.0	576.1172073655762	0.00034722222222222224
3.0	81.0	583.271615284495	0.00034722222222222224
3.0	82.0	590.4264689851552	0.00034722222222222224
3.0	83.0	597.5810475624166	0.00034722222222222224
3.0	84.0	604.7361240442842	0.00034722222222222224
3.0	85.0	611.8902156739496	0.00034722222222222224
3.0	86.0	619.0450410735793	0.00034722222222222224
3.0	87.0	626.1998951635323	0.00034722222222222224
3.0	88.0	633.3534516980872	0.00034722222222222224
3.0	89.0	640.5090969810262	0.00034722222222222224
3.0	90.0	647.6636081766337	0.00034722222222222224
3.0	91.0	654.8185593322851	0.00034722222222222224
3.0	92.0	661.9736498710699	0.00034722222222222224
3.0	93.0	669.1279283943586	0.00034722222222222224
3.0	94.0	676.2823671433143	0.00034722222222222224
3.0	95.0	683.4369767610915	0.00034722222222222224
3.0	96.0	690.5922654978931	0.00034722222222222224
3.0	97.0	697.7465819790959	0.00034722222222222224
3.0	98.0	704.9017688189633	0.00034722222222222224
3.0	99.0	712.0563084571622	0.00034722222222222224
3.0	100.0	719.2105215191841	0.00034722222222222224
3.0	101.0	726.3656024048105	0.00034722222222222224
4.0	0.0	9.798154081683606	0.00034722222222222224
4.0	1.0	26.48783510318026	0.00034722222222222224
4.0	2.0	43.17632440896705	0.00034722222222222224
4.0	3.0	59.86539742164314	0.00034722222222222224
4.0	4.0	76.5544090657495	0.00034722222222222224
4.0	5.0	93.24342579394579	0.00034722222222222224
4.0	6.0	109.93243909114972	0.00034722222222222224
4.0	7.0	126.62147580180317	0.00034722222222222224
4.0	8.0	143.3109879461117	0.00034722222222222224
4.0	9.0	159.99971353868023	0.00034722222222222224
4.0	10.0	176.688836988993	0.00034722222222222224
4.0	11.0	193.37802545027807	0.00034722222222222224
4.0	12.0	210.06631945166737	0.00034722222222222224
4.0	13.0	226.75566458841786	0.00034722222222222224
4.0	14.0	243.44498130306602	0.00034722222222222224
4.0	15.0	260.13374313898385	0.00034722222222222224
4.0	16.0	276.8233041088097	0.00034722222222222224
4.0	17.0	293.51207893295214	0.00034722222222222224
4.0	18.0	310.20103224786	0.00034722222222222224
4.0	19.0	326.8903647069819	0.00034722222222222224
4.0	20.0	343.5794644802809	0.00034722222222222224
4.0	21.0	360.26760259689763	0.00034722222222222224
4.0	22.0	376.9569739783183	0.00034722222222222224
4.0	23.0	393.64625336648896	0.00034722222222222224
4.0	24.0	410.3353531528264	0.00034722222222222224
4.0	25.0	427.02500420063734	0.00034722222222222224
4.0	26.0	443.7132433853112	0.00034722222222222224
4.0	27.0	460.4024151028134	0.00034722222222222224
4.0	28.0	477.09123472264037	0.00034722222222222224
4.0	29.0	493.7803795458749	0.00034722222222222224
4.0	30.0	510.4695485988632	0.00034722222222222224
4.0	31.0	527.1587118594907	0.00034722222222222224
4.0	32.0	543.8482055743225	0.00034722222222222224
4.0	33.0	560.5367940128781	0.00034722222222222224
4.0	34.0	577.2263238960877	0.00034722222222222224
4.0	35.0	593.9154893038794	0.00034722222222222224
4.0	36.0	610.6039459588937	0.00034722222222222224
4.0	37.0	627.2928783334792	0.00034722222222222224
4.0	38.0	643.9817728810012	0.00034722222222222224
4.0	39.0	660.6710603041574	0.00034722222222222224
4.0	40.0	677.3607176286168	0.00034722222222222224
4.0	41.0	694.0494674514048	0.00034722222222222224
4.0	42.0	710.7373154759407	0.00034722222222222224
4.0	43.0	727.4276967989281	0.00034722222222222224
