Orbits integrated with JPL ephemerides, version jup365.bsp starting at 2.451545e6 .
These true transit times include no white noise.
#body	ntrans	tt
1.0	0.0	1.6523410007357597
1.0	1.0	3.4214478274807334
1.0	2.0	5.190538692753762
1.0	3.0	6.9596624076366425
1.0	4.0	8.728754877578467
1.0	5.0	10.497855429071933
1.0	6.0	12.26694209035486
1.0	7.0	14.036060081329197
1.0	8.0	15.805151291191578
1.0	9.0	17.574247227981687
1.0	10.0	19.343331634067
1.0	11.0	21.11244582897052
1.0	12.0	22.881537614390254
1.0	13.0	24.65062998048961
1.0	14.0	26.41971133556217
1.0	15.0	28.18881986523047
1.0	16.0	29.95791016239673
1.0	17.0	31.726998296100646
1.0	18.0	33.49607758084312
1.0	19.0	35.2651825202629
1.0	20.0	37.03427314758301
1.0	21.0	38.80335920024663
1.0	22.0	40.57243799464777
1.0	23.0	42.341539443004876
1.0	24.0	44.110628738068044
1.0	25.0	45.87971077719703
1.0	26.0	47.648787720128894
1.0	27.0	49.417886015959084
1.0	28.0	51.18697563512251
1.0	29.0	52.95605583442375
1.0	30.0	54.72513290820643
1.0	31.0	56.4942301097326
1.0	32.0	58.263320731930435
1.0	33.0	60.03239826951176
1.0	34.0	61.80147357052192
1.0	35.0	63.570567943155766
1.0	36.0	65.33965898957103
1.0	37.0	67.1087352684699
1.0	38.0	68.87781091686338
1.0	39.0	70.64690442522988
1.0	40.0	72.41599790053442
1.0	41.0	74.18507447419688
1.0	42.0	75.95415035029873
1.0	43.0	77.7232413329184
1.0	44.0	79.49233520962298
1.0	45.0	81.26141103357077
1.0	46.0	83.03048778465018
1.0	47.0	84.79957808787003
1.0	48.0	86.56867438880727
1.0	49.0	88.33775153243914
1.0	50.0	90.10683119948953
1.0	51.0	91.87592129409313
1.0	52.0	93.64501888630912
1.0	53.0	95.4140953887254
1.0	54.0	97.1831764462404
1.0	55.0	98.95226599136367
1.0	56.0	100.72136639989913
1.0	57.0	102.49044433655217
1.0	58.0	104.25952887861058
1.0	59.0	106.02861983561888
1.0	60.0	107.7977243643254
1.0	61.0	109.56680324766785
1.0	62.0	111.3358896151185
1.0	63.0	113.10497986944392
1.0	64.0	114.87408762145787
1.0	65.0	116.64316821284592
1.0	66.0	118.41225847648457
1.0	67.0	120.18134985258803
1.0	68.0	121.95046289172024
1.0	69.0	123.71954693039879
1.0	70.0	125.4886414767243
1.0	71.0	127.25773244956508
1.0	72.0	129.02684875344858
1.0	73.0	130.7959346701391
1.0	74.0	132.56503355456516
1.0	75.0	134.33412554347888
1.0	76.0	136.10324712703004
1.0	77.0	137.8723367829807
1.0	78.0	139.64144208701327
1.0	79.0	141.41053594462574
1.0	80.0	143.1796620450914
1.0	81.0	144.94875343237072
1.0	82.0	146.71786323562264
1.0	83.0	148.4869580664672
1.0	84.0	150.25608961749822
1.0	85.0	152.02518457686529
1.0	86.0	153.79430077038705
1.0	87.0	155.56339844781905
1.0	88.0	157.33253696095198
1.0	89.0	159.10163534153253
1.0	90.0	160.87075624801219
1.0	91.0	162.63985455501825
1.0	92.0	164.40899853827432
1.0	93.0	166.17810039967299
1.0	94.0	167.9472275758162
1.0	95.0	169.7163283471018
1.0	96.0	171.48547954903916
1.0	97.0	173.25458666309714
1.0	98.0	175.0237206663005
1.0	99.0	176.79282273165882
1.0	100.0	178.56197888730094
1.0	101.0	180.33108924143016
1.0	102.0	182.10022929497063
1.0	103.0	183.8693336332217
1.0	104.0	185.63849640265107
1.0	105.0	187.40761166904122
1.0	106.0	189.17675953172147
1.0	107.0	190.94586739968508
1.0	108.0	192.71503614308313
1.0	109.0	194.48415431799367
1.0	110.0	196.2533076144755
1.0	111.0	198.0224176426418
1.0	112.0	199.791592374444
1.0	113.0	201.56071491353214
1.0	114.0	203.3298752317205
1.0	115.0	205.09898917237297
1.0	116.0	206.8681713026017
1.0	117.0	208.63729833532125
1.0	118.0	210.4064640053548
1.0	119.0	212.17557961074635
1.0	120.0	213.94476696988568
1.0	121.0	215.71389776049182
1.0	122.0	217.48306963872164
1.0	123.0	219.25218862248585
1.0	124.0	221.02138255350292
1.0	125.0	222.79051870293915
1.0	126.0	224.55969746643677
1.0	127.0	226.3288189889863
1.0	128.0	228.09801706206053
1.0	129.0	229.86715616378933
1.0	130.0	231.63634027494118
1.0	131.0	233.4054646207951
1.0	132.0	235.17466802336276
1.0	133.0	236.94381153490394
1.0	134.0	238.7130024023354
1.0	135.0	240.48213093401864
1.0	136.0	242.2513391696848
1.0	137.0	244.02048517623916
1.0	138.0	245.7896801782772
1.0	139.0	247.5588109176606
1.0	140.0	249.32802309794351
1.0	141.0	251.09717252803966
1.0	142.0	252.8663730379194
1.0	143.0	254.63550745276734
1.0	144.0	256.40472479118034
1.0	145.0	258.17387802060694
1.0	146.0	259.94308261200786
1.0	147.0	261.7122183321044
1.0	148.0	263.48143813060597
1.0	149.0	265.2505936813541
1.0	150.0	267.01980251679197
1.0	151.0	268.7889409107156
1.0	152.0	270.55816426174715
1.0	153.0	272.3273234819062
1.0	154.0	274.0965374195948
1.0	155.0	275.86567790526897
1.0	156.0	277.6349024521187
1.0	157.0	279.40406266367063
1.0	158.0	281.17327955923975
1.0	159.0	282.94242158764973
1.0	160.0	284.71164806978777
1.0	161.0	286.48081056401134
1.0	162.0	288.25003156857565
1.0	163.0	290.01917642960325
1.0	164.0	291.7884047050029
1.0	165.0	293.55756785254925
1.0	166.0	295.3267902689986
1.0	167.0	297.0959354620427
1.0	168.0	298.86516397446394
1.0	169.0	300.6343281166628
1.0	170.0	302.4035530956462
1.0	171.0	304.1726998570375
1.0	172.0	305.9419297063723
1.0	173.0	307.71109552355483
1.0	174.0	309.4803220103495
1.0	175.0	311.2494680196978
1.0	176.0	313.0186963202432
1.0	177.0	314.78786180820316
1.0	178.0	316.557089258451
1.0	179.0	318.32623554905877
1.0	180.0	320.0954633890651
1.0	181.0	321.864629748743
1.0	182.0	323.63385913940147
1.0	183.0	325.4030055459589
1.0	184.0	327.17223095614463
1.0	185.0	328.9413954769261
1.0	186.0	330.7106242040172
1.0	187.0	332.47976954933256
1.0	188.0	334.248992907349
1.0	189.0	336.01815684279427
1.0	190.0	337.7873859270476
1.0	191.0	339.5565315200947
1.0	192.0	341.3257532482967
1.0	193.0	343.09491547057405
1.0	194.0	344.8641423112713
1.0	195.0	346.6332854810171
1.0	196.0	348.40250364271924
1.0	197.0	350.1716639585793
1.0	198.0	351.940889489837
1.0	199.0	353.7100315373391
1.0	200.0	355.4792473008856
1.0	201.0	357.24840677762404
1.0	202.0	359.0176304462366
1.0	203.0	360.78676945576444
1.0	204.0	362.5559800849296
1.0	205.0	364.32513643521816
1.0	206.0	366.0943571003154
1.0	207.0	367.86349388724193
1.0	208.0	369.6327006444335
1.0	209.0	371.40185512648895
1.0	210.0	373.17107391078025
1.0	211.0	374.9402089463547
1.0	212.0	376.70941051468253
1.0	213.0	378.478560697753
1.0	214.0	380.2477748412639
1.0	215.0	382.0169066293165
1.0	216.0	383.78610306885093
1.0	217.0	385.55525027262047
1.0	218.0	387.3244609213434
1.0	219.0	389.0935909417458
1.0	220.0	390.8627832499333
1.0	221.0	392.6319270199165
1.0	222.0	394.40113200014457
1.0	223.0	396.1702577872202
1.0	224.0	397.9394438127056
1.0	225.0	399.70858356449753
1.0	226.0	401.47778373537585
1.0	227.0	403.2469069059007
1.0	228.0	405.01608800003305
1.0	229.0	406.785225183703
1.0	230.0	408.5544206984341
1.0	231.0	410.3235400659032
1.0	232.0	412.09271380724385
1.0	233.0	413.8618460511789
1.0	234.0	415.6310354620218
1.0	235.0	417.40015169326216
1.0	236.0	419.1693195477128
1.0	237.0	420.9384483490139
1.0	238.0	422.7076330445707
1.0	239.0	424.47674733772874
1.0	240.0	426.2459087567404
1.0	241.0	428.0150321871042
1.0	242.0	429.7842095820233
1.0	243.0	431.55332029704005
1.0	244.0	433.3224750487134
1.0	245.0	435.0915944846347
1.0	246.0	436.8607660839334
1.0	247.0	438.62987493770197
1.0	248.0	440.39902450796217
1.0	249.0	442.16814026609063
1.0	250.0	443.9373046560213
1.0	251.0	445.70640950184315
1.0	252.0	447.47555169835687
1.0	253.0	449.24466292373836
1.0	254.0	451.0138209615834
1.0	255.0	452.78292365558445
1.0	256.0	454.55206011468545
1.0	257.0	456.3211685437709
1.0	258.0	458.0903212297708
1.0	259.0	459.8594213183969
1.0	260.0	461.62855010759085
1.0	261.0	463.3976534488611
1.0	262.0	465.16679930500686
1.0	263.0	466.935897145886
1.0	264.0	468.70501994062215
1.0	265.0	470.4741199784912
1.0	266.0	472.24326073518023
1.0	267.0	474.0123579930514
1.0	268.0	475.7814751151018
1.0	269.0	477.55057050054893
1.0	270.0	479.3197039538063
1.0	271.0	481.08879877533764
1.0	272.0	482.8579098279588
1.0	273.0	484.6270018508658
1.0	274.0	486.39612993085757
1.0	275.0	488.16522410558537
1.0	276.0	489.9343310412951
1.0	277.0	491.70342075638473
1.0	278.0	493.4725429126993
1.0	279.0	495.2416345048696
1.0	280.0	497.01073529664427
1.0	281.0	498.7798216124065
1.0	282.0	500.5489385994151
1.0	283.0	502.318029422313
1.0	284.0	504.0871260697022
1.0	285.0	505.8562108925544
1.0	286.0	507.62532446021214
1.0	287.0	509.39441462559626
1.0	288.0	511.1635058191605
1.0	289.0	512.9325870387256
1.0	290.0	514.7016957025044
1.0	291.0	516.4707850692794
1.0	292.0	518.2398725496605
1.0	293.0	520.0089521654882
1.0	294.0	521.7780579151586
1.0	295.0	523.547148338519
1.0	296.0	525.3162332135253
1.0	297.0	527.085310483817
1.0	298.0	528.8544114935212
1.0	299.0	530.6235009385273
1.0	300.0	532.3925826144405
1.0	301.0	534.1616585729644
1.0	302.0	535.9307569419034
1.0	303.0	537.6998472637497
1.0	304.0	539.4689279226586
1.0	305.0	541.2380042141303
1.0	306.0	543.0071000368334
1.0	307.0	544.7761896075681
1.0	308.0	546.5452673416585
1.0	309.0	548.3143426659517
1.0	310.0	550.0834362688474
1.0	311.0	551.8525268044323
1.0	312.0	553.621603784617
1.0	313.0	555.3906801887788
1.0	314.0	557.1597736030817
1.0	315.0	558.9288658392616
1.0	316.0	560.6979412268847
1.0	317.0	562.4670168552548
1.0	318.0	564.2361082946882
1.0	319.0	566.0052017169073
1.0	320.0	567.7742768796161
1.0	321.0	569.5433538998477
1.0	322.0	571.3124452806078
1.0	323.0	573.0815419531427
1.0	324.0	574.8506184103899
1.0	325.0	576.6196967405267
1.0	326.0	578.3887863350101
1.0	327.0	580.1578842829913
1.0	328.0	581.9269609451294
1.0	329.0	583.696041253861
1.0	330.0	585.4651308418252
1.0	331.0	587.234232114628
1.0	332.0	589.0033110021614
1.0	333.0	590.7723953449167
1.0	334.0	592.5414853342809
1.0	335.0	594.3105888240971
1.0	336.0	596.0796679244377
1.0	337.0	597.8487547645345
1.0	338.0	599.6178447720595
1.0	339.0	601.3869520016015
1.0	340.0	603.1560333329253
1.0	341.0	604.9251247392967
1.0	342.0	606.694216679316
1.0	343.0	608.4633289384656
1.0	344.0	610.2324119596742
1.0	345.0	612.0015062140301
1.0	346.0	613.7705979431048
1.0	347.0	615.5397143126465
1.0	348.0	617.3087997310795
1.0	349.0	619.0778988408856
1.0	350.0	620.8469921643846
1.0	351.0	622.6161146601662
1.0	352.0	624.3852041708305
1.0	353.0	626.1543084369041
1.0	354.0	627.9234018037096
1.0	355.0	629.692528327927
1.0	356.0	631.4616203140467
1.0	357.0	633.2307297065854
1.0	358.0	634.9998245155439
1.0	359.0	636.7689569969662
1.0	360.0	638.5380532732233
1.0	361.0	640.3071697801352
1.0	362.0	642.0762668778189
1.0	363.0	643.8454044591635
1.0	364.0	645.6145029561594
1.0	365.0	647.3836245606653
1.0	366.0	649.1527230450884
1.0	367.0	650.921866543591
1.0	368.0	652.6909690373577
1.0	369.0	654.4600975308567
1.0	370.0	656.2291992590763
1.0	371.0	657.9983500847593
1.0	372.0	659.7674563531764
1.0	373.0	661.5365899424069
1.0	374.0	663.3056926969439
1.0	375.0	665.074849258177
1.0	376.0	666.8439592802897
1.0	377.0	668.6130994064733
1.0	378.0	670.3822049968876
1.0	379.0	672.1513689337298
1.0	380.0	673.9204844078049
1.0	381.0	675.6896315068007
1.0	382.0	677.4587387349457
1.0	383.0	679.2279076748528
1.0	384.0	680.9970265268348
1.0	385.0	682.7661797190085
1.0	386.0	684.5352895180695
1.0	387.0	686.3044650088996
1.0	388.0	688.0735888434574
1.0	389.0	689.8427497767843
1.0	390.0	691.6118633574806
1.0	391.0	693.3810446313582
1.0	392.0	695.1501713716425
1.0	393.0	696.9193375897594
1.0	394.0	698.6884535253048
1.0	395.0	700.457640463952
1.0	396.0	702.2267714957707
1.0	397.0	703.9959445027635
1.0	398.0	705.7650644918904
1.0	399.0	707.5342583958991
1.0	400.0	709.3033937644213
1.0	401.0	711.0725718177855
1.0	402.0	712.8416935559362
1.0	403.0	714.6108921468258
1.0	404.0	716.3800310259685
1.0	405.0	718.1492148940451
1.0	406.0	719.918340020813
1.0	407.0	721.6875445442274
1.0	408.0	723.4566884576343
1.0	409.0	725.2258787467144
1.0	410.0	726.9950063517317
1.0	411.0	728.7642143093981
2.0	0.0	1.386003777384758
2.0	1.0	4.937281916849315
2.0	2.0	8.48903879802674
2.0	3.0	12.040308829396963
2.0	4.0	15.592102784663439
2.0	5.0	19.143390449229628
2.0	6.0	22.695242383517325
2.0	7.0	26.24654497206211
2.0	8.0	29.798411605414003
2.0	9.0	33.34972074069083
2.0	10.0	36.90162297338247
2.0	11.0	40.452964500524104
2.0	12.0	44.00487721571699
2.0	13.0	47.556212627794594
2.0	14.0	51.10814334824681
2.0	15.0	54.65949345426634
2.0	16.0	58.211456954013556
2.0	17.0	61.762786569073796
2.0	18.0	65.3147492967546
2.0	19.0	68.8660819963552
2.0	20.0	72.41806155955419
2.0	21.0	75.9694007881917
2.0	22.0	79.52135276980698
2.0	23.0	83.07268307264894
2.0	24.0	86.62462809262797
2.0	25.0	90.17597514484078
2.0	26.0	93.72789472946897
2.0	27.0	97.2792180031538
2.0	28.0	100.83111226651818
2.0	29.0	104.38243335019797
2.0	30.0	107.93432187009603
2.0	31.0	111.485610418953
2.0	32.0	115.03745639324188
2.0	33.0	118.58873304072767
2.0	34.0	122.14055449934676
2.0	35.0	125.69182910723612
2.0	36.0	129.24358520004898
2.0	37.0	132.79483692953363
2.0	38.0	136.34655138617381
2.0	39.0	139.89780594874173
2.0	40.0	143.44946903921664
2.0	41.0	147.0006854319945
2.0	42.0	150.55229242378846
2.0	43.0	154.10349426604807
2.0	44.0	157.6550704743713
2.0	45.0	161.20623346650973
2.0	46.0	164.7577406205237
2.0	47.0	168.30888155195862
2.0	48.0	171.86034098640084
2.0	49.0	175.41147575108334
2.0	50.0	178.96285287570208
2.0	51.0	182.51395571324974
2.0	52.0	186.0652778269723
2.0	53.0	189.61637395760044
2.0	54.0	193.16764124296606
2.0	55.0	196.71869026869535
2.0	56.0	200.2698955158703
2.0	57.0	203.820923587773
2.0	58.0	207.37209636811167
2.0	59.0	210.92308575520292
2.0	60.0	214.47418754082173
2.0	61.0	218.0251508327201
2.0	62.0	221.57620750088245
2.0	63.0	225.12716617668048
2.0	64.0	228.67814938351512
2.0	65.0	232.2290735389106
2.0	66.0	235.78001251723617
2.0	67.0	239.33092682948336
2.0	68.0	242.88183203339577
2.0	69.0	246.4326977999881
2.0	70.0	249.98356041358784
2.0	71.0	253.53440628573298
2.0	72.0	257.08525785105303
2.0	73.0	260.6360731413588
2.0	74.0	264.18687566556036
2.0	75.0	267.73766894917935
2.0	76.0	271.2884515984915
2.0	77.0	274.83924924070016
2.0	78.0	278.3899882910773
2.0	79.0	281.9407577505335
2.0	80.0	285.4914811546914
2.0	81.0	289.04224768513814
2.0	82.0	292.5929735391401
2.0	83.0	296.14370098989457
2.0	84.0	299.6944168820046
2.0	85.0	303.2451361878775
2.0	86.0	306.7958729364909
2.0	87.0	310.34658160898834
2.0	88.0	313.89730075607076
2.0	89.0	317.44800431560725
2.0	90.0	320.9987350241281
2.0	91.0	324.5494644190185
2.0	92.0	328.1001850408502
2.0	93.0	331.65090733300894
2.0	94.0	335.2016400839202
2.0	95.0	338.7523828824051
2.0	96.0	342.30314876232296
2.0	97.0	345.8538790033199
2.0	98.0	349.40465856017545
2.0	99.0	352.9554081307724
2.0	100.0	356.50622906861827
2.0	101.0	360.0570034305565
2.0	102.0	363.6078256187029
2.0	103.0	367.1586260977201
2.0	104.0	370.70947695104405
2.0	105.0	374.2603362472728
2.0	106.0	377.811196048744
2.0	107.0	381.3620801004581
2.0	108.0	384.9129636543803
2.0	109.0	388.46390057355165
2.0	110.0	392.0148304165341
2.0	111.0	395.5657878918573
2.0	112.0	399.1167379966937
2.0	113.0	402.6677446817048
2.0	114.0	406.21874012285843
2.0	115.0	409.76980523765087
2.0	116.0	413.3208056045696
2.0	117.0	416.871922116261
2.0	118.0	420.4229542040266
2.0	119.0	423.9741519987583
2.0	120.0	427.5252002622001
2.0	121.0	431.0764422523789
2.0	122.0	434.6275140773505
2.0	123.0	438.1788260070607
2.0	124.0	441.72994545893744
2.0	125.0	445.2812950303778
2.0	126.0	448.83243097784
2.0	127.0	452.3838409585878
2.0	128.0	455.9350162022747
2.0	129.0	459.486496668309
2.0	130.0	463.03767131781206
2.0	131.0	466.58920458704233
2.0	132.0	470.14040527585894
2.0	133.0	473.69201633520424
2.0	134.0	477.24323315545917
2.0	135.0	480.7948811794631
2.0	136.0	484.34611379913986
2.0	137.0	487.8978210152127
2.0	138.0	491.4490946382284
2.0	139.0	495.00083073601127
2.0	140.0	498.5521101132035
2.0	141.0	502.1038905507885
2.0	142.0	505.65519683016464
2.0	143.0	509.20703264838085
2.0	144.0	512.7583274594508
2.0	145.0	516.3101917011663
2.0	146.0	519.8615009589121
2.0	147.0	523.4134139521047
2.0	148.0	526.9647340574302
2.0	149.0	530.5166518068872
2.0	150.0	534.0679749082774
2.0	151.0	537.6199174751528
2.0	152.0	541.1712693832815
2.0	153.0	544.7232111203484
2.0	154.0	548.2745532835834
2.0	155.0	551.8265016609803
2.0	156.0	555.3778545893729
2.0	157.0	558.92982386332
2.0	158.0	562.4811521242373
2.0	159.0	566.0331091326661
2.0	160.0	569.5844365023077
2.0	161.0	573.1363989426754
2.0	162.0	576.6877280082554
2.0	163.0	580.2396515756845
2.0	164.0	583.7909678327851
2.0	165.0	587.342873653397
2.0	166.0	590.8942031892948
2.0	167.0	594.446072684601
2.0	168.0	597.9973750589415
2.0	169.0	601.5492092678323
2.0	170.0	605.1005061645992
2.0	171.0	608.6523253759369
2.0	172.0	612.2035864307545
2.0	173.0	615.755354535766
2.0	174.0	619.3066009068862
2.0	175.0	622.8583368528634
2.0	176.0	626.4095777799375
2.0	177.0	629.961241547484
2.0	178.0	633.5124570750631
2.0	179.0	637.0640735402703
2.0	180.0	640.6152897328138
2.0	181.0	644.1668492262252
2.0	182.0	647.7180250883102
2.0	183.0	651.269524727948
2.0	184.0	654.820684091188
2.0	185.0	658.3721500486135
2.0	186.0	661.9232684234157
2.0	187.0	665.4746630555019
2.0	188.0	669.0257580848411
2.0	189.0	672.5771040543914
2.0	190.0	676.1281913588755
2.0	191.0	679.6794547084719
2.0	192.0	683.230509318877
2.0	193.0	686.7817185814492
2.0	194.0	690.3327659652568
2.0	195.0	693.8839217904024
2.0	196.0	697.4349216260016
2.0	197.0	700.9860192625783
2.0	198.0	704.5369980065152
2.0	199.0	708.0880676200613
2.0	200.0	711.6390071799979
2.0	201.0	715.1900109509006
2.0	202.0	718.7409251248464
2.0	203.0	722.2918899096549
2.0	204.0	725.8428001850843
2.0	205.0	729.3936974527314
3.0	0.0	2.660755616147071
3.0	1.0	9.815433256793767
3.0	2.0	16.969940268434584
3.0	3.0	24.1248946278356
3.0	4.0	31.279285382013768
3.0	5.0	38.43363325577229
3.0	6.0	45.58775125257671
3.0	7.0	52.741926692426205
3.0	8.0	59.89657407393679
3.0	9.0	67.05106347240508
3.0	10.0	74.20601237704977
3.0	11.0	81.36040572728962
3.0	12.0	88.5147662665695
3.0	13.0	95.6688992260024
3.0	14.0	102.82309438101947
3.0	15.0	109.97776506282389
3.0	16.0	117.13228972395882
3.0	17.0	124.28728424524888
3.0	18.0	131.4417300899513
3.0	19.0	138.59615067532286
3.0	20.0	145.75034172507003
3.0	21.0	152.90459413593635
3.0	22.0	160.05931953294203
3.0	23.0	167.21390345366672
3.0	24.0	174.36895940825343
3.0	25.0	181.52346761757508
3.0	26.0	188.67795287352055
3.0	27.0	195.8322015730664
3.0	28.0	202.98650640342385
3.0	29.0	210.1412792368792
3.0	30.0	217.29591251630336
3.0	31.0	224.45101848244667
3.0	32.0	231.60557961044833
3.0	33.0	238.76012301677838
3.0	34.0	245.91442561661825
3.0	35.0	253.06878180569038
3.0	36.0	260.2236031149514
3.0	37.0	267.3782854289748
3.0	38.0	274.5334394467063
3.0	39.0	281.68804944166914
3.0	40.0	288.8426438556053
3.0	41.0	295.9969909777865
3.0	42.0	303.1513873487711
3.0	43.0	310.30624170741066
3.0	44.0	317.4609500723891
3.0	45.0	324.61612115288153
3.0	46.0	331.7707388885319
3.0	47.0	338.9253320656717
3.0	48.0	346.07966357516125
3.0	49.0	353.23403485817835
3.0	50.0	360.38885265914723
3.0	51.0	367.54351614182815
3.0	52.0	374.6986351162195
3.0	53.0	381.85319393128157
3.0	54.0	389.0077234688215
3.0	55.0	396.1619848231785
3.0	56.0	403.31628520879894
3.0	57.0	410.471030080691
3.0	58.0	417.625623610802
3.0	59.0	424.78067586477846
3.0	60.0	431.935167549178
3.0	61.0	439.08963090274483
3.0	62.0	446.2438239515759
3.0	63.0	453.3980574654415
3.0	64.0	460.5527363307774
3.0	65.0	467.7072717929259
3.0	66.0	474.86227276269346
3.0	67.0	482.0167138809338
3.0	68.0	489.17112901574
3.0	69.0	496.32527072308585
3.0	70.0	503.47945197997615
3.0	71.0	510.6340776779689
3.0	72.0	517.7885684086941
3.0	73.0	524.9435324445367
3.0	74.0	532.0979405422695
3.0	75.0	539.2523295804858
3.0	76.0	546.4064457053319
3.0	77.0	553.5606046631001
3.0	78.0	560.7152113215998
3.0	79.0	567.8696956899948
3.0	80.0	575.0246650720946
3.0	81.0	582.1790873617865
3.0	82.0	589.3335011471063
3.0	83.0	596.4876438537613
3.0	84.0	603.6418329067528
3.0	85.0	610.796471873764
3.0	86.0	617.9509988506325
3.0	87.0	625.1060190019198
3.0	88.0	632.2604980296455
3.0	89.0	639.4149749674834
3.0	90.0	646.56917709345
3.0	91.0	653.7234224975109
3.0	92.0	660.8781135478057
3.0	93.0	668.0326953032054
3.0	94.0	675.1877706367522
3.0	95.0	682.3423063508235
3.0	96.0	689.4968434912153
3.0	97.0	696.6511000017636
3.0	98.0	703.805395653937
3.0	99.0	710.9601332475431
3.0	100.0	718.1147637474351
3.0	101.0	725.2698884564452
4.0	0.0	12.740973464213312
4.0	1.0	29.430066211149096
4.0	2.0	46.11923286598176
4.0	3.0	62.80823715403676
4.0	4.0	79.49723957479
4.0	5.0	96.18645197059959
4.0	6.0	112.87546281469986
4.0	7.0	129.56440501846373
4.0	8.0	146.25367686711252
4.0	9.0	162.94262323435396
4.0	10.0	179.63163286214694
4.0	11.0	196.32080987514928
4.0	12.0	213.00982978194952
4.0	13.0	229.6988122877665
4.0	14.0	246.38794576516375
4.0	15.0	263.07702904799953
4.0	16.0	279.76594423269853
4.0	17.0	296.4551353016868
4.0	18.0	313.14413522090763
4.0	19.0	329.8331347387284
4.0	20.0	346.5222647585906
4.0	21.0	363.2112552067265
4.0	22.0	379.90030772285536
4.0	23.0	396.5893631577492
4.0	24.0	413.2784168398939
4.0	25.0	429.9673940730281
4.0	26.0	446.6565287858248
4.0	27.0	463.34550872584805
4.0	28.0	480.0345068029128
4.0	29.0	496.7236686889082
4.0	30.0	513.4125849232078
4.0	31.0	530.1016464801505
4.0	32.0	546.7907355953939
4.0	33.0	563.4797318233177
4.0	34.0	580.1687086750753
4.0	35.0	596.8578445897438
4.0	36.0	613.5468454482034
4.0	37.0	630.2357708467171
4.0	38.0	646.9249674668536
4.0	39.0	663.613903362304
4.0	40.0	680.3029017765075
4.0	41.0	696.992007877212
4.0	42.0	713.6810183157213
4.0	43.0	730.3699904582463
